0
249036800
491257856
689700864
880017408
1061683200
1232601088
1391984640
1537212416
1675624448
1809580032
1944846336
2078277632
2192834560
2300051456
2402287616
2492727296
2576089088
2656567296
2715287552
2779774976
2826698752
2877554688
3033792512
3091202048
3091464192
3091726336
3091988480
3092250624
3092512768
3092774912
3093037056
3093299200
3093561344
3093823488
3094085632
3094347776
3094609920
3094872064
3095134208
3095396352
3095658496
3095920640
3096444928
3096707072
3097231360
3098017792
3098279936
3098542080
3099066368
3099328512
3099852800
3100377088
3100901376
3101163520
3101687808
3101949952
3102212096
3102474240
3102998528
3103522816
3103784960
3104309248
3104571392
3104833536
3105357824
3105619968
3105882112
3106406400
3106930688
3107454976
3107717120
3107979264
3108503552
3108765696
3109289984
3109814272
3110076416
3110338560
3110600704
3110862848
3111387136
3111649280
3111911424
3112435712
3112960000
3113222144
3113746432
3114270720
3114795008
3115057152
3115581440
3116367872
3118465024
3118727168
3118989312
3119513600
3119775744
3120037888
3120300032
3120562176
3120824320
3121086464
3121348608
3121610752
3121872896
3122397184
3122659328
3122921472
3123183616
3123445760
3123707904
3123970048
3124232192
3124494336
3125018624
3125280768
3126067200
3126329344
3126591488
3126853632
3127115776
3127377920
3127640064
3127902208
3128426496
3128688640
3128950784
3129212928
3129475072
3129737216
3129999360
3130261504
3130785792
3131047936
3132620800
3134193664
3134717952
3135242240
3135766528
3136028672
3136552960
3137077248
3137339392
3142582272
3143106560
3145728000
3148611584
3148873728
3149135872
3149398016
3149660160
3149922304
3150446592
3150708736
3150970880
3151495168
3151757312
3152281600
3152543744
3152805888
3154640896
3154903040
3155165184
3155689472
3155951616
3157524480
3158048768
3158310912
3158573056
3159097344
3159359488
3159621632
3162505216
3162767360
3163029504
3163553792
3163815936
3164078080
3164340224
3164602368
3164864512
3165126656
3165388800
3165650944
3165913088
3166175232
3166437376
3166699520
3166961664
3167223808
3167485952
3167748096
3168010240
3168272384
3168534528
3168796672
3169058816
3169320960
3169583104
3170107392
3170369536
3170631680
3171155968
3171418112
3171680256
3171942400
3172204544
3172466688
3172728832
3172990976
3173253120
3173515264
3173777408
3174039552
3174301696
3174563840
3174825984
3175088128
3175350272
3175612416
3175874560
3176136704
3176398848
3176660992
3176923136
3177185280
3177447424
3178496000
3179282432
3180593152
3181903872
3183214592
3184263168
3185311744
3186360320
3186884608
3187146752
3187408896
3187671040
3187933184
3188195328
3188457472
3189768192
3190030336
3190292480
3190816768
3191078912
3191603200
3191865344
3192127488
3192389632
3192651776
3193176064
3194224640
3194748928
3195011072
3195273216
3195797504
3196059648
3196846080
3197108224
3197370368
3197632512
3197894656
3198156800
3198418944
3198681088
3198943232
3199205376
3199467520
3199729664
3199991808
3200253952
3200516096
3200778240
3201302528
3201564672
3201826816
3202351104
3202613248
3202875392
3203137536
3203399680
3203661824
3203923968
3204186112
3204448256
3204710400
3204972544
3205234688
3205496832
3205758976
3206021120
3206283264
3206545408
3206807552
3207069696
3207331840
3207593984
3207856128
3208118272
3208904704
3209166848
3209428992
3209691136
3209953280
3210215424
3210477568
3210739712
3211001856
3211264000
3211526144
3211788288
3212050432
3212312576
3212574720
3212836864
3213099008
3213361152
3213885440
3214147584
3214409728
3214934016
3215196160
3215982592
3216244736
3216506880
3216769024
3217031168
3217293312
3217817600
3218604032
3218866176
3219128320
3219390464
3220701184
3220963328
3221225472
3223060480
3223322624
3223584768
3223846912
3224109056
3224371200
3224633344
3224895488
3225157632
3225419776
3225944064
3226206208
3226468352
3226730496
3226992640
3227516928
3227779072
3228041216
3229089792
3229351936
3229614080
3234332672
3239313408
3244032000
3248750592
3253731328
3258449920
3263430656
3263692800
3263954944
3264217088
3264479232
3264741376
3265003520
3266314240
3266576384
3267100672
3267624960
3267887104
3268411392
3268935680
3269197824
3269722112
3270246400
3270508544
3270770688
3271294976
3271557120
3271819264
3272081408
3272343552
3273392128
3274178560
3274440704
3274702848
3274964992
3275227136
3275751424
3276013568
3276275712
3276800000
3277062144
3277586432
3277848576
3278110720
3278372864
3278635008
3278897152
3279159296
3279421440
3279683584
3279945728
3280207872
3280470016
3280732160
3280994304
3281256448
3281518592
3281780736
3282042880
3282305024
3282567168
3282829312
3283091456
3283353600
3283615744
3283877888
3284140032
3284402176
3284664320
3284926464
3285188608
3285450752
3285712896
3285975040
3286237184
3286499328
3286761472
3287023616
3287285760
3287547904
3287810048
3288072192
3288334336
3288596480
3288858624
3289120768
3289382912
3289645056
3289907200
3290169344
3290431488
3290693632
3290955776
3291217920
3291480064
3291742208
3292004352
3292266496
3292528640
3292790784
3293052928
3293315072
3293577216
3293839360
3294101504
3294363648
3294887936
3295150080
3295412224
3295674368
3295936512
3296198656
3296460800
3296722944
3296985088
3297247232
3297509376
3297771520
3298033664
3298295808
3298557952
3298820096
3299082240
3299344384
3299606528
3299868672
3300130816
3300392960
3300655104
3300917248
3301179392
3301441536
3301703680
3301965824
3302227968
3302490112
3302752256
3303014400
3303276544
3303538688
3303800832
3304062976
3304325120
3304587264
3304849408
3305111552
3305373696
3305635840
3305897984
3306160128
3306422272
3306684416
3306946560
3307208704
3307470848
3307732992
3307995136
3308257280
3308519424
3308781568
3309043712
3309305856
3309568000
3309830144
3310092288
3310616576
3312713728
3313238016
3313500160
3313762304
3314024448
3314286592
3314548736
3314810880
3315073024
3315335168
3315597312
3315859456
3316121600
3316383744
3316645888
3316908032
3317170176
3317432320
3317694464
3317956608
3318218752
3318480896
3318743040
3319005184
3319267328
3319529472
3319791616
3320053760
3320315904
3320578048
